30,437	1.0
30,438	1.0
1441,920	1.0
30,439	1.0
1441,922	1.0
1441,925	1.0
1441,928	1.0
30,440	1.0
30,442	1.0
30,446	1.0
1441,915	1.0
1441,916	1.0
1441,917	1.0
1441,918	1.0
30,413	1.0
1441,900	1.0
1441,902	1.0
1441,908	1.0
30,422	1.0
112,1503	1.0
112,1509	1.0
1441,960	1.0
1441,962	1.0
1441,965	1.0
1441,967	1.0
1441,968	1.0
112,1511	1.0
112,1514	1.0
112,1517	1.0
30,400	1.0
1441,954	1.0
1441,957	1.0
1441,958	1.0
112,1521	1.0
112,1522	1.0
1441,943	1.0
1441,946	1.0
112,1539	1.0
1441,931	1.0
1441,932	1.0
1441,937	1.0
1441,938	1.0
112,1544	1.0
1441,990	1.0
1441,991	1.0
1441,994	1.0
1441,982	1.0
1441,985	1.0
1441,988	1.0
1441,970	1.0
1441,975	1.0
112,1598	1.0
1537,2	1.0
1537,4	1.0
1537,6	1.0
1537,7	1.0
1537,9	1.0
263,267	1.0
263,279	1.0
263,297	1.0
824,960	1.0
824,961	1.0
824,962	1.0
824,964	1.0
824,968	1.0
824,992	1.0
824,995	1.0
824,996	1.0
824,987	1.0
824,989	1.0
824,920	1.0
824,927	1.0
824,954	1.0
30,457	1.0
30,551	1.0
1441,801	1.0
1677,235	1.0
1441,802	1.0
1441,803	1.0
1677,237	1.0
1677,238	1.0
1441,805	1.0
1441,806	1.0
1611,93	1.0
1677,220	1.0
1677,222	1.0
1677,223	1.0
1677,225	1.0
112,1603	1.0
112,1605	1.0
112,1606	1.0
1677,250	1.0
1677,255	1.0
30,538	1.0
30,539	1.0
1677,257	1.0
1677,258	1.0
112,1615	1.0
30,545	1.0
30,548	1.0
