30,437	1.0
30,438	1.0
1441,920	1.0
30,439	1.0
1441,921	1.0
1441,923	1.0
1441,925	1.0
1441,928	1.0
30,440	1.0
30,442	1.0
30,446	1.0
1441,916	1.0
1441,904	1.0
30,422	1.0
112,1503	1.0
112,1509	1.0
1441,960	1.0
1441,969	1.0
30,400	1.0
1441,953	1.0
1441,955	1.0
1441,956	1.0
1441,957	1.0
1441,958	1.0
1441,959	1.0
1441,940	1.0
1441,943	1.0
1441,947	1.0
1441,931	1.0
1441,932	1.0
1441,938	1.0
112,1544	1.0
1441,994	1.0
1441,999	1.0
1441,982	1.0
1441,985	1.0
1441,970	1.0
1441,971	1.0
1441,972	1.0
1537,2	1.0
1537,6	1.0
1537,9	1.0
263,279	1.0
824,961	1.0
824,963	1.0
824,992	1.0
824,995	1.0
824,996	1.0
824,989	1.0
824,920	1.0
824,921	1.0
824,927	1.0
824,945	1.0
30,551	1.0
30,555	1.0
30,556	1.0
1441,802	1.0
1441,803	1.0
1677,237	1.0
1441,806	1.0
1441,807	1.0
1441,808	1.0
30,560	1.0
30,561	1.0
30,564	1.0
30,565	1.0
1677,257	1.0
112,1615	1.0
30,545	1.0
30,548	1.0
1677,244	1.0
1677,246	1.0
1677,249	1.0
1441,841	1.0
1441,843	1.0
1441,849	1.0
601,938	1.0
1441,834	1.0
1528,928	1.0
112,1643	1.0
1441,820	1.0
1441,823	1.0
1441,826	1.0
1677,216	1.0
1441,827	1.0
601,919	1.0
1441,816	1.0
1441,819	1.0
1528,952	1.0
1441,870	1.0
1441,871	1.0
1441,876	1.0
1441,877	1.0
1441,879	1.0
1611,20	1.0
1441,860	1.0
1611,21	1.0
1441,861	1.0
1441,864	1.0
1528,935	1.0
